0 0.098586 0.594742 0.027034 0.040013
0 0.229911 0.638558 0.026786 0.045635
0 0.345114 0.480489 0.024058 0.035053
0 0.449529 0.461475 0.025546 0.038029
0 0.496528 0.622024 0.026290 0.039683
0 0.615327 0.616733 0.027778 0.042989
0 0.651538 0.584491 0.028274 0.050595
0 0.805060 0.595403 0.032242 0.050595
0 0.502356 0.227183 0.008681 0.016534
0 0.464410 0.241733 0.011657 0.014550
0 0.070685 0.262070 0.008929 0.013558
0 0.088790 0.251323 0.006448 0.009921
0 0.788690 0.840774 0.034226 0.038029
0 0.986111 0.895833 0.027778 0.070106
